

DIM     | INSERTION     | MERGE         | QUICKSORT     | BUBBLE        | SELECTION
2       | 3.91e-07      | 3.787e-06     |2.7e-07        |2.7e-07        |2.11e-07
3       | 3.61e-07      | 1.212e-06     |3.31e-07       |3.41e-07       |2.7e-07
4       | 4.3e-07       | 1.594e-06     |4.61e-07       |4.61e-07       |4.31e-07
5       | 3.21e-07      | 1.754e-06     |4.21e-07       |5.11e-07       |4.41e-07
6       | 3.91e-07      | 2.195e-06     |4.81e-07       |5.92e-07       |4.41e-07
7       | 5.71e-07      | 2.986e-06     |8.61e-07       |7.52e-07       |6.91e-07
8       | 7.12e-07      | 3.386e-06     |8.92e-07       |1.072e-06      |7.92e-07
9       | 5.51e-07      | 3.437e-06     |9.82e-07       |1.212e-06      |9.32e-07
10      | 7.41e-07      | 4.389e-06     |1.152e-06      |1.232e-06      |1.213e-06
11      | 9.22e-07      | 4.769e-06     |1.142e-06      |1.413e-06      |1.583e-06
12      | 9.02e-07      | 5.04e-06      |2.5861e-05     |1.724e-06      |1.643e-06
13      | 1.954e-06     | 8.327e-06     |1.633e-06      |2.135e-06      |2.555e-06
14      | 1.062e-06     | 8.748e-06     |1.984e-06      |2.344e-06      |2.485e-06
15      | 1.162e-06     | 6.543e-06     |1.613e-06      |2.175e-06      |2.264e-06
16      | 1.312e-06     | 6.763e-06     |1.703e-06      |2.475e-06      |3.157e-06
17      | 1.623e-06     | 7.294e-06     |1.813e-06      |2.484e-06      |3.056e-06
18      | 1.363e-06     | 7.825e-06     |2.385e-06      |2.866e-06      |3.888e-06
19      | 1.513e-06     | 7.956e-06     |1.833e-06      |3.126e-06      |4.038e-06
20      | 1.373e-06     | 8.437e-06     |1.953e-06      |3.276e-06      |4.188e-06
21      | 1.393e-06     | 1.0661e-05    |2.725e-06      |4.148e-06      |5.961e-06
22      | 2.706e-06     | 1.3908e-05    |3.507e-06      |4.84e-06       |7.395e-06
23      | 2.966e-06     | 1.6753e-05    |3.146e-06      |5.21e-06       |5.561e-06
24      | 2.374e-06     | 1.0311e-05    |2.616e-06      |4.378e-06      |5.511e-06
25      | 1.944e-06     | 1.0591e-05    |2.615e-06      |4.709e-06      |5.742e-06
26      | 2.294e-06     | 1.1412e-05    |2.825e-06      |6.002e-06      |8.968e-06
27      | 2.454e-06     | 1.2054e-05    |3.186e-06      |5.431e-06      |7.616e-06
28      | 2.896e-06     | 1.2484e-05    |3.327e-06      |5.661e-06      |7.595e-06
29      | 2.615e-06     | 1.2605e-05    |2.965e-06      |5.941e-06      |8.757e-06
30      | 3.347e-06     | 1.3667e-05    |3.708e-06      |6.633e-06      |1.0531e-05
31      | 4.229e-06     | 1.8617e-05    |4.379e-06      |7.755e-06      |1.0511e-05
32      | 4.278e-06     | 1.9218e-05    |4.9e-06        |8.617e-06      |1.0451e-05
33      | 3.116e-06     | 1.7093e-05    |3.3717e-05     |9.518e-06      |1.2555e-05
34      | 3.316e-06     | 1.526e-05     |4.278e-06      |8.196e-06      |1.0561e-05
35      | 4.599e-06     | 2.1923e-05    |4.7e-06        |8.937e-06      |1.1783e-05
36      | 3.967e-06     | 1.6282e-05    |4.549e-06      |9.068e-06      |1.2044e-05
37      | 6.102e-06     | 2.554e-05     |5.02e-06       |1.0741e-05     |1.5902e-05
38      | 5.14e-06      | 2.6413e-05    |5.821e-06      |1.1913e-05     |1.549e-05
39      | 6.603e-06     | 2.5581e-05    |5.571e-06      |1.2214e-05     |1.8326e-05
40      | 5.852e-06     | 2.4718e-05    |5.852e-06      |1.3216e-05     |1.5541e-05
41      | 6.212e-06     | 2.7264e-05    |6.022e-06      |1.2515e-05     |2.0351e-05
42      | 7.024e-06     | 2.6022e-05    |6.002e-06      |1.4518e-05     |1.9018e-05
43      | 6.753e-06     | 2.5971e-05    |8.366e-06      |1.5551e-05     |1.9779e-05
44      | 7.515e-06     | 3.0941e-05    |6.723e-06      |1.5661e-05     |2.047e-05
45      | 7.735e-06     | 3.2935e-05    |6.503e-06      |1.6763e-05     |2.4538e-05
46      | 8.527e-06     | 2.516e-05     |5.691e-06      |1.3677e-05     |1.7294e-05
47      | 7.905e-06     | 2.7845e-05    |6.973e-06      |1.7264e-05     |0.000114841
48      | 9.72e-06      | 3.0691e-05    |7.785e-06      |1.8747e-05     |2.8766e-05
49      | 1.0391e-05    | 2.9429e-05    |8.086e-06      |1.8426e-05     |3.001e-05
50      | 9.058e-06     | 2.4319e-05    |7.575e-06      |1.8988e-05     |2.6843e-05
51      | 6.272e-06     | 3.2183e-05    |8.036e-06      |1.8166e-05     |2.4158e-05
52      | 1.011e-05     | 3.2744e-05    |9.278e-06      |2.1222e-05     |3.0871e-05
53      | 9.96e-06      | 3.7053e-05    |7.886e-06      |2.2033e-05     |2.9659e-05  qui l'insertion sort incomincia a essere piu lento del del quick e merge sort
54      | 9.058e-06     | 3.2374e-05    |9.619e-06      |2.2023e-05     |3.067e-05
55      | 9.95e-06      | 3.7695e-05    |8.877e-06      |2.3296e-05     |3.4077e-05
56      | 9.008e-06     | 2.6122e-05    |7.515e-06      |1.9429e-05     |2.7595e-05
57      | 7.815e-06     | 2.6593e-05    |7.886e-06      |1.9639e-05     |2.7645e-05
58      | 1.026e-05     | 2.8155e-05    |8.427e-06      |2.0631e-05     |2.994e-05
59      | 8.647e-06     | 2.7825e-05    |7.846e-06      |2.0892e-05     |4.1913e-05
60      | 8.517e-06     | 2.7805e-05    |8.146e-06      |2.4889e-05     |3.8275e-05
61      | 1.2835e-05    | 3.4709e-05    |1.0251e-05     |2.8727e-05     |4.052e-05
62      | 9.389e-06     | 2.9118e-05    |8.376e-06      |2.564e-05      |4.1933e-05
63      | 1.506e-05     | 3.7444e-05    |7.1421e-05     |2.8646e-05     |4.5129e-05
64      | 1.2384e-05    | 3.6582e-05    |1.1683e-05     |3.1372e-05     |5.1021e-05
65      | 1.3407e-05    | 4.0149e-05    |1.1422e-05     |3.1422e-05     |4.6612e-05
66      | 1.6022e-05    | 4.595e-05     |1.025e-05      |3.3647e-05     |4.7053e-05
67      | 1.2966e-05    | 4.7294e-05    |9.999e-06      |3.3557e-05     |5.1191e-05
68      | 1.7475e-05    | 4.7584e-05    |1.0842e-05     |3.6502e-05     |4.7053e-05
69      | 1.6313e-05    | 4.8345e-05    |1.1764e-05     |3.7104e-05     |5.3195e-05
70      | 1.5631e-05    | 4.8286e-05    |1.1683e-05     |3.4818e-05     |5.6561e-05
71      | 1.6663e-05    | 4.6733e-05    |1.1503e-05     |3.558e-05      |4.5901e-05
72      | 1.2314e-05    | 3.3957e-05    |9.829e-06      |2.8636e-05     |4.1973e-05
73      | 1.504e-05     | 7.8986e-05    |1.3967e-05     |3.4348e-05     |4.5299e-05
74      | 1.3698e-05    | 5.1201e-05    |1.2304e-05     |3.6091e-05     |5.9779e-05
75      | 1.7074e-05    | 4.8416e-05    |1.1032e-05     |3.1473e-05     |4.8055e-05
76      | 2.026e-05     | 5.1712e-05    |1.0901e-05     |4.2514e-05     |6.8305e-05
77      | 1.4459e-05    | 3.6923e-05    |1.0711e-05     |3.3186e-05     |7.1371e-05
78      | 2.1031e-05    | 5.5529e-05    |1.1723e-05     |4.0871e-05     |5.4758e-05
79      | 1.4038e-05    | 3.7665e-05    |1.1593e-05     |3.538e-05      |5.4007e-05
80      | 1.517e-05     | 7.1832e-05    |1.527e-05      |7.4497e-05     |7.0941e-05
81      | 2.032e-05     | 5.2554e-05    |1.2365e-05     |4.2344e-05     |7.4647e-05
82      | 2.1383e-05    | 5.6331e-05    |1.4348e-05     |4.9939e-05     |6.6772e-05
83      | 2.5741e-05    | 5.4858e-05    |1.6904e-05     |4.7083e-05     |6.3215e-05
84      | 1.494e-05     | 3.9568e-05    |1.0871e-05     |4.9107e-05     |7.2393e-05
85      | 2.566e-05     | 6.2564e-05    |1.492e-05      |4.9728e-05     |6.3967e-05
86      | 1.7595e-05    | 4.2153e-05    |1.2174e-05     |4.1061e-05     |7.6712e-05
87      | 1.5742e-05    | 4.1031e-05    |1.1954e-05     |4.2093e-05     |9.0709e-05

Ho riscontrato che, stampando i risultati dalla dim 52 in poi, il quicksort è più veloce(è il punto approssimato dove abbiamo l'intersezioni delle funzioni della complessità logaritmica e quella quadratica).
del insertion. Inoltre nella tabella sottotante, ho visto come si comportano gli algoritmi a dim elevate. Ho stampato null perché ovviamente l'insertion sort per dimensioni molto grandi
ci avrebbe messo decine di minuti. Per dimensionalità non troppo "elevate" (sotto le 200mila) il quicksort( e 
quindi il quicksort modificato) si comportano meglio del sort, ma se la dimensionalità cresce troppo (a causa del pivoting alla fine del vettore)
al raddoppiare della dimensionalità il tempo quadruplica, quindi raggiunge una complessità O(n^2)



DIM     | INSERTION     | MERGE         | QUICKSORT     | SORT  | QUICKSORT MODIFICATO
4       | 4.61e-07      | 2.014e-06     |4.91e-07       |3.037e-06      |3.11e-07
8       | 7.71e-07      | 3.648e-06     |8.72e-07       |1.985e-06      |5.51e-07
16      | 1.514e-06     | 7.435e-06     |2.115e-06      |3.487e-06      |1.463e-06
32      | 3.818e-06     | 1.5071e-05    |4.53e-06       |8.237e-06      |4.259e-06 
64      | 1.1444e-05    | 3.1697e-05    |9.821e-06      |1.5122e-05     |1.0342e-05
128     | 4.5126e-05    | 6.6981e-05    |5.2811e-05     |3.1837e-05     |2.4291e-05 
256     | 0.000167654   | 0.000161602   |6.2602e-05     |8.6032e-05     |6.2502e-05
512     | 0.000884206   | 0.000442274   |0.000130375    |0.000174468    |0.000145417
1024    | 0.00375869    | 0.000735663   |0.000255198    |0.000342723    |0.00026537
2048    | 0.011603      | 0.00138119    |0.000592931    |0.000764324    |0.000564261
4096    | 0.0456486     | 0.00284989    |0.00126653     |0.00159408     |0.00121473
8192    | 0.178201      | 0.00590739    |0.0025854      |0.0034466      |0.00294649
16384   | 0.80445       | 0.0132506     |0.00586304     |0.00733656     |0.00623945
32768   | 2.9364        | 0.0330518     |0.0150291      |0.017329       |0.0136435
65536   | NULL          | 0.0590328     |0.0297973      |0.033954       |0.0282398
131072  | NULL          | 0.118588      |0.076753       |0.0764612      |0.0736703
262144  | NULL          | 0.244469      |0.15616        |0.153728       |0.154231
524288  | NULL          | 0.519939      |0.42965        |0.30192        |0.413687
1048576 | NULL          | 1.05409       |1.29817        |0.645963       |1.26863
2097152 | NULL          | 2.16786       |3.96136        |1.32365        |4.00337
4194304 | NULL          | 4.46467       |14.2599        |2.77113        |14.4646
8388608 | NULL          | 9.09403       |53.7623        |5.7285 	|53.9246
Nel secondo file (timecheck.cpp) stampo la media dei vettori di dimensione scelta dal utente dal terminale e sortati con il SORT dato già dalle libreria installate e poi il quicksort modificato con l'insertion.